exploit_threshold: 36.4698
change_of_heart: 31.2827
defect: 10.215
vengeful: 8.01371
jedi2sith: 5.89485
kickback: 5.57931
growing_distrust: 1.36358
stubborn_stumbler: 0.698432
threshold: 0.332324
decaying_memory: 0.0936473
slider: 0.0340134
tit_for_time: 0.0169201
tit_for_tat: 0.00315342
just_noise: 0.00234458
tit_for_whoops: 0.000180028
cooperate: 1.7707e-06
alternate: 7.12695e-12
random_player: 4.28705e-12
