stubborn_stumbler: 99.0239
slider: 0.442867
tit_for_whoops: 0.436267
random_player: 0.0969847
cooperate: 1.84431e-06
growing_distrust: 7.64011e-11
defect: 5.67056e-12
