kickback: 96.2873
slider: 1.55001
stubborn_stumbler: 1.06145
decaying_memory: 0.784152
jedi2sith: 0.263745
cooperate: 0.0214183
tit_for_time: 0.0185032
tit_for_whoops: 0.0133705
growing_distrust: 2.16447e-06
defect: 1.45723e-07
random_player: 8.72025e-16
