enough: 93.2935
kickback: 5.78473
change_of_heart: 0.67461
sounder: 0.169813
tit_for_whoops: 0.0368379
stubborn_stumbler: 0.019077
decaying_memory: 0.0166406
cooperate: 0.00293757
trickster: 0.00152178
slider: 0.000300413
tit_for_time: 3.50718e-05
somewhat_naive: 2.0617e-05
jedi2sith: 1.35015e-05
just_noise: 7.70234e-06
growing_distrust: 2.64063e-06
vengeful: 3.76757e-07
defect: 2.03451e-08
alternate: 5.87607e-23
random_player: 2.90692e-23
