enough: 93.7207
kickback: 6.07534
decaying_memory: 0.117735
change_of_heart: 0.0405066
tit_for_whoops: 0.026191
stubborn_stumbler: 0.0126813
sounder: 0.00511137
cooperate: 0.00118149
tit_for_time: 0.000217349
trickster: 0.000173209
slider: 0.000128179
somewhat_naive: 1.03941e-05
jedi2sith: 5.15927e-06
just_noise: 2.5767e-06
everyThree: 1.05924e-06
growing_distrust: 9.28647e-08
vengeful: 3.18165e-08
goldfish: 4.67631e-09
defect: 2.10179e-09
alternate: 1.47699e-22
random_player: 1.06893e-23
