kickback: 45.2815
change_of_heart: 43.1294
vengeful: 4.91521
defect: 3.84813
jedi2sith: 1.84807
growing_distrust: 0.678297
decaying_memory: 0.176483
stubborn_stumbler: 0.0587085
slider: 0.0463566
tit_for_whoops: 0.00926931
tit_for_time: 0.00847669
cooperate: 0.000111984
just_noise: 7.82774e-06
alternate: 3.9809e-13
random_player: 1.91539e-13
