kickback: 50.4123
change_of_heart: 36.4276
defect: 10.5068
growing_distrust: 1.64251
jedi2sith: 0.538746
decaying_memory: 0.396661
stubborn_stumbler: 0.0453336
slider: 0.0276589
tit_for_time: 0.00144772
tit_for_whoops: 0.000695357
cooperate: 0.000183484
just_noise: 2.48224e-06
alternate: 6.86385e-12
random_player: 2.77965e-12
