defect: 94.6293
growing_distrust: 5.3707
tit_for_whoops: 7.05213e-21
random_player: 2.55703e-26
cooperate: 1.34343e-112
