tit_for_time: 54.3676
stubborn_stumbler: 28.6726
slider: 15.189
tit_for_whoops: 1.70523
random_player: 0.0633336
growing_distrust: 0.0012677
cooperate: 0.000601171
defect: 0.000402839
