enough: 94.6013
kickback: 4.81414
decaying_memory: 0.324578
stubborn_stumbler: 0.156994
change_of_heart: 0.0528022
tit_for_whoops: 0.0246856
sounder: 0.0161898
trickster: 0.0037708
cooperate: 0.00362978
slider: 0.00164535
tit_for_time: 0.000190458
jedi2sith: 5.16143e-05
just_noise: 1.69818e-05
somewhat_naive: 6.90442e-06
growing_distrust: 3.67697e-07
vengeful: 7.65021e-08
goldfish: 2.40625e-08
defect: 6.92877e-09
alternate: 9.09664e-22
random_player: 4.606e-22
