enough: 88.2374
kickback: 10.472
change_of_heart: 0.812572
decaying_memory: 0.278854
slider: 0.135006
stubborn_stumbler: 0.0470344
tit_for_whoops: 0.0133782
cooperate: 0.0022947
tit_for_time: 0.000718347
somewhat_naive: 0.000284266
jedi2sith: 0.000271235
just_noise: 0.000148154
growing_distrust: 2.36218e-06
vengeful: 2.71693e-07
defect: 2.32767e-07
alternate: 6.68689e-21
random_player: 4.32693e-21
