defect: 93.2977
growing_distrust: 6.70232
tit_for_whoops: 2.51684e-21
random_player: 2.8355e-26
cooperate: 3.3495e-99
