enough: 96.4926
kickback: 3.23025
stubborn_stumbler: 0.0941479
decaying_memory: 0.0819814
change_of_heart: 0.0434322
tit_for_whoops: 0.0429658
cooperate: 0.00943514
slider: 0.00359961
trickster: 0.00152858
just_noise: 2.20841e-05
jedi2sith: 1.1444e-05
tit_for_time: 8.49639e-06
somewhat_naive: 2.04549e-06
growing_distrust: 3.80321e-08
vengeful: 2.68122e-08
defect: 4.00198e-09
alternate: 7.16942e-22
random_player: 3.5593e-22
