change_of_heart: 46.8301
kickback: 41.845
defect: 6.46907
growing_distrust: 2.64882
jedi2sith: 1.83911
decaying_memory: 0.26758
slider: 0.0691503
stubborn_stumbler: 0.0247942
tit_for_time: 0.00363417
tit_for_whoops: 0.00262706
cooperate: 2.7606e-05
alternate: 1.1347e-11
random_player: 3.62334e-12
