stubborn_stumbler: 51.6569
tit_for_tat: 42.4745
tit_for_whoops: 3.26101
slider: 2.10383
exploit_threshold: 0.496541
threshold: 0.00508374
cooperate: 0.00203602
random_player: 3.23903e-05
growing_distrust: 2.90498e-09
defect: 1.51522e-10
