change_of_heart: 34.6333
exploit_threshold: 33.769
jedi2sith: 10.8352
defect: 7.85464
vengeful: 6.77633
kickback: 3.40881
growing_distrust: 1.51167
stubborn_stumbler: 0.686504
threshold: 0.345285
decaying_memory: 0.103842
slider: 0.0592644
tit_for_time: 0.0128978
tit_for_tat: 0.00295338
just_noise: 0.000226184
tit_for_whoops: 8.69946e-05
cooperate: 1.4509e-07
alternate: 7.87792e-12
random_player: 4.82463e-12
