enough: 57.5569
exploit_threshold: 27.6498
change_of_heart: 7.11609
stubborn_stumbler: 3.45932
threshold: 3.37112
kickback: 0.773445
just_noise: 0.0604783
decaying_memory: 0.0068656
jedi2sith: 0.00379625
tit_for_whoops: 0.00131661
slider: 0.000418265
cooperate: 0.000189074
tit_for_time: 0.000103989
somewhat_naive: 6.84438e-05
vengeful: 1.31622e-05
defect: 1.19399e-05
growing_distrust: 5.5869e-06
tit_for_tat: 5.30305e-06
random_player: 2.15956e-19
alternate: 1.00553e-19
