exploit_threshold: 99.2675
threshold: 0.73177
cooperate: 0.000766197
tit_for_whoops: 6.71025e-07
tit_for_tat: 1.99129e-07
growing_distrust: 1.40546e-10
defect: 1.38765e-11
random_player: 3.39817e-33
