exploit_threshold: 99.9997
threshold: 0.000224627
cooperate: 5.42319e-05
tit_for_tat: 3.58948e-12
defect: 6.09524e-14
random_player: 2.59106e-36
