exploit_threshold: 42.6875
enough: 36.9731
change_of_heart: 16.527
kickback: 1.98067
stubborn_stumbler: 0.961367
trickster: 0.396126
threshold: 0.31026
jedi2sith: 0.130264
decaying_memory: 0.0111765
defect: 0.00905645
vengeful: 0.00615328
somewhat_naive: 0.00185259
growing_distrust: 0.00182596
tit_for_time: 0.00126551
just_noise: 0.000879825
slider: 0.000755323
tit_for_whoops: 0.000645398
tit_for_tat: 0.000111706
cooperate: 3.59916e-05
alternate: 1.0869e-15
random_player: 6.77747e-16
