exploit_threshold: 99.947
threshold: 0.0306388
cooperate: 0.0169717
tit_for_tat: 0.00542102
defect: 7.92907e-07
random_player: 1.1406e-14
