exploit_threshold: 99.9997
threshold: 0.000280463
cooperate: 6.44195e-05
tit_for_whoops: 1.04826e-07
tit_for_tat: 6.74844e-12
defect: 1.05621e-13
random_player: 2.43888e-35
