exploit_threshold: 39.2366
change_of_heart: 33.5878
defect: 11.2757
kickback: 6.92956
jedi2sith: 4.22968
stubborn_stumbler: 2.89471
growing_distrust: 1.45125
threshold: 0.230854
decaying_memory: 0.0814814
slider: 0.0662589
tit_for_time: 0.0147633
tit_for_tat: 0.00122846
tit_for_whoops: 7.63716e-05
cooperate: 2.78526e-07
alternate: 1.68855e-11
random_player: 8.48805e-12
