change_of_heart: 41.1814
exploit_threshold: 31.6849
defect: 9.92779
kickback: 9.37219
jedi2sith: 5.9857
growing_distrust: 1.2038
stubborn_stumbler: 0.3234
threshold: 0.209191
decaying_memory: 0.0654339
slider: 0.0203968
tit_for_tat: 0.0161371
tit_for_time: 0.00949276
just_noise: 0.000129716
tit_for_whoops: 3.44026e-05
cooperate: 1.22908e-07
alternate: 1.61484e-12
random_player: 7.8644e-13
