stubborn_stumbler: 49.7501
exploit_threshold: 25.9739
jedi2sith: 20.9921
kickback: 2.26557
tit_for_time: 0.478233
decaying_memory: 0.441275
threshold: 0.0394871
slider: 0.0322305
tit_for_tat: 0.0170451
tit_for_whoops: 0.0098382
cooperate: 0.000177531
growing_distrust: 3.2631e-09
defect: 2.06391e-10
random_player: 6.52641e-11
