stubborn_stumbler: 71.6665
tit_for_time: 18.2079
exploit_threshold: 4.367
tit_for_tat: 4.19279
slider: 1.23576
tit_for_whoops: 0.274224
threshold: 0.0554194
cooperate: 0.000354628
random_player: 3.52507e-07
growing_distrust: 2.02264e-08
defect: 3.58226e-11
