stubborn_stumbler: 98.2347
tit_for_tat: 1.37858
tit_for_whoops: 0.270754
slider: 0.100395
exploit_threshold: 0.011887
threshold: 0.00357968
cooperate: 5.70056e-05
random_player: 4.5284e-06
growing_distrust: 2.59042e-12
defect: 1.28639e-13
